1 47 9 144 59
2 48 65 145 116
2 39 177 136 216
3 3 85 100 137
4 49 61 146 90
6 109 211 206 254
11 24 9 121 38
11 79 142 176 213
12 150 18 247 55
13 99 167 196 202
14 93 41 190 123
15 6 102 103 189
16 78 91 175 150
16 7 21 104 65
18 137 11 224 108
18 17 196 114 250
18 38 135 135 183
19 141 79 235 176
21 158 161 255 222
22 111 124 208 169
23 38 59 135 154
24 117 71 214 105
26 21 111 76 208
27 56 69 153 139
27 163 126 241 223
28 81 46 178 113
29 62 124 159 191
29 5 26 102 73
31 128 59 215 156
33 156 4 253 77
33 149 136 246 218
34 153 78 248 175
37 156 92 253 180
37 37 69 134 166
38 6 28 103 69
38 140 1 237 91
39 27 199 124 244
40 66 21 163 90
44 32 148 129 229
45 157 14 254 54
49 2 51 99 104
51 130 150 209 247
51 45 80 142 126
52 50 162 147 205
52 92 34 189 82
53 88 89 185 182
53 87 10 184 80
54 126 155 223 235
56 60 14 157 96
56 159 170 256 220
57 117 124 207 221
57 2 78 87 175
57 105 5 180 102
58 47 40 144 110
59 13 187 110 251
60 124 21 221 93
63 141 33 238 72
63 8 153 66 250
65 9 188 106 233
65 156 82 245 179
66 24 3 121 40
66 130 67 227 126
67 138 168 235 247
68 4 177 101 244
68 25 11 62 108
70 155 63 252 155
70 101 174 198 213
71 24 173 121 226
72 134 198 231 236
72 83 108 180 184
74 79 177 176 242
74 102 72 199 146
76 119 12 216 56
76 151 143 248 197
78 112 44 209 118
78 149 148 246 229
79 63 53 160 141
80 51 65 148 134
82 91 99 188 150
83 148 33 245 89
84 156 121 236 218
85 84 138 181 231
87 113 62 210 105
89 120 204 217 237
90 137 35 234 87
91 98 207 195 243
92 144 40 241 99
94 86 21 183 78
94 124 190 221 236
95 10 182 107 222
95 148 153 245 188
96 19 158 116 196
97 129 5 226 69
97 133 126 227 223
97 10 151 107 189
98 154 79 251 120
99 108 13 185 110
99 115 182 212 213
100 137 29 230 126
101 124 209 221 247
101 91 133 188 203
103 151 15 203 112
104 126 59 223 95
108 153 101 250 161
112 17 142 95 239
113 71 8 168 102
113 32 188 129 252
114 15 149 83 246
114 22 65 119 98
115 147 44 244 91
115 44 114 141 172
116 36 52 133 130
116 66 195 163 249
118 171 135 253 232
119 137 20 234 88
119 30 9 127 101
120 58 25 155 79
120 39 97 136 151
121 77 201 174 255
122 34 183 131 250
123 103 1 196 98
123 13 138 110 229
125 91 90 188 152
125 27 21 124 78
126 1 58 54 155
128 128 212 225 242
129 110 169 207 216
129 155 99 252 129
131 99 133 196 212
131 40 37 137 128
133 108 60 205 120
136 5 144 102 194
137 98 48 195 115
139 89 3 186 35
140 20 180 117 225
141 136 80 231 177
142 96 10 193 74
143 94 56 191 118
144 151 89 248 155
145 2 54 99 81
145 42 133 139 195
147 136 25 233 118
147 1 131 98 174
148 134 164 231 215
149 14 202 111 244
150 34 20 131 87
151 139 28 236 125
151 19 144 116 171
151 66 203 163 251
152 31 141 128 212
153 36 158 133 205
153 144 174 241 254
153 98 82 195 147
154 72 196 169 248
155 150 100 247 139
155 72 34 169 77
156 132 5 229 47
157 85 123 182 192
157 8 32 105 90
158 105 216 202 253
159 94 68 191 123
160 102 157 199 240
161 17 139 114 211
162 137 100 234 139
164 136 41 233 97
164 16 78 113 172
165 46 127 129 224
166 138 143 224 240
167 150 92 247 169
167 16 68 110 165
168 40 113 137 176
169 95 186 192 236
171 125 17 222 91
172 5 134 102 212
172 80 72 177 126
172 115 197 212 242
173 130 143 227 187
174 38 60 128 157
175 46 23 116 120
176 58 145 155 207
177 7 90 85 187
178 112 33 209 71
180 107 157 204 239
180 6 41 103 135
181 156 60 231 157
182 36 19 133 96
182 137 156 234 234
183 21 177 118 249
184 103 11 200 61
184 61 80 158 135
